36,  0.028563, 		0.167068, 		0.959000, 
37,  0.026358, 		0.164518, 		0.960000, 
38,  0.021615, 		0.176856, 		0.957000, 
39,  0.021122, 		0.162419, 		0.962000, 
40,  0.019271, 		0.171396, 		0.960000, 
41,  0.016919, 		0.167895, 		0.961000, 
42,  0.015412, 		0.167755, 		0.959000, 
43,  0.014166, 		0.173435, 		0.962000, 
44,  0.013933, 		0.174681, 		0.963000, 
45,  0.011267, 		0.180200, 		0.958000, 
46,  0.010055, 		0.176789, 		0.960000, 
47,  0.008550, 		0.173962, 		0.963000, 
48,  0.008393, 		0.179824, 		0.959000, 
49,  0.007405, 		0.181784, 		0.964000, 
50,  0.007123, 		0.192929, 		0.962000, 
51,  0.006803, 		0.183711, 		0.963000, 
52,  0.005858, 		0.185160, 		0.963000, 
53,  0.005233, 		0.188405, 		0.962000, 
54,  0.004934, 		0.186471, 		0.964000, 
55,  0.004507, 		0.189962, 		0.962000, 
56,  0.004290, 		0.182882, 		0.965000, 
57,  0.004561, 		0.189036, 		0.963000, 
58,  0.003723, 		0.190100, 		0.964000, 
59,  0.003521, 		0.195978, 		0.963000, 
60,  0.003311, 		0.194872, 		0.963000, 
61,  0.003045, 		0.195094, 		0.965000, 
62,  0.002890, 		0.201593, 		0.964000, 
63,  0.002777, 		0.201367, 		0.961000, 
64,  0.002654, 		0.202741, 		0.963000, 
65,  0.002507, 		0.202915, 		0.963000, 
66,  0.002384, 		0.203571, 		0.963000, 
67,  0.002249, 		0.205801, 		0.964000, 
68,  0.002146, 		0.206453, 		0.962000, 
69,  0.002084, 		0.204082, 		0.965000, 
70,  0.002015, 		0.205714, 		0.963000, 
71,  0.001926, 		0.210270, 		0.964000, 
72,  0.001888, 		0.208366, 		0.965000, 
73,  0.001769, 		0.211233, 		0.964000, 
74,  0.001715, 		0.212756, 		0.963000, 
75,  0.001636, 		0.211410, 		0.964000, 
76,  0.001590, 		0.212365, 		0.964000, 
77,  0.001512, 		0.214747, 		0.963000, 
78,  0.001504, 		0.213486, 		0.965000, 
79,  0.001429, 		0.214321, 		0.964000, 
80,  0.001386, 		0.216398, 		0.963000, 
81,  0.001359, 		0.216424, 		0.964000, 
82,  0.001307, 		0.220601, 		0.962000, 
83,  0.001276, 		0.219430, 		0.964000, 
84,  0.001229, 		0.219561, 		0.963000, 
85,  0.001194, 		0.219242, 		0.964000, 
86,  0.001178, 		0.221772, 		0.962000, 
87,  0.001123, 		0.219721, 		0.965000, 
88,  0.001107, 		0.221566, 		0.966000, 
89,  0.001079, 		0.223885, 		0.963000, 
90,  0.001043, 		0.225191, 		0.964000, 
91,  0.001014, 		0.225067, 		0.963000, 
92,  0.000996, 		0.227630, 		0.964000, 
93,  0.000984, 		0.223961, 		0.965000, 
94,  0.000951, 		0.229177, 		0.962000, 
95,  0.000926, 		0.225670, 		0.964000, 
96,  0.000908, 		0.227109, 		0.964000, 
97,  0.000871, 		0.228935, 		0.964000, 
98,  0.000864, 		0.229624, 		0.964000, 
99,  0.000850, 		0.230365, 		0.963000, 
100,  0.000824, 		0.229714, 		0.964000, 
101,  0.000807, 		0.230168, 		0.964000, 
102,  0.000788, 		0.230048, 		0.964000, 
103,  0.000777, 		0.231480, 		0.964000, 
104,  0.000752, 		0.233268, 		0.965000, 
105,  0.000741, 		0.233322, 		0.964000, 
106,  0.000726, 		0.233880, 		0.964000, 
107,  0.000709, 		0.233887, 		0.964000, 
108,  0.000703, 		0.234298, 		0.964000, 
109,  0.000683, 		0.235082, 		0.964000, 
110,  0.000667, 		0.236699, 		0.964000, 
111,  0.000664, 		0.235625, 		0.964000, 
112,  0.000647, 		0.236552, 		0.964000, 
113,  0.000638, 		0.236966, 		0.964000, 
114,  0.000624, 		0.239689, 		0.964000, 
115,  0.000623, 		0.238261, 		0.964000, 
116,  0.000602, 		0.239604, 		0.964000, 
117,  0.000594, 		0.239911, 		0.964000, 
118,  0.000583, 		0.239217, 		0.964000, 
119,  0.000571, 		0.239894, 		0.964000, 
120,  0.000563, 		0.241001, 		0.964000, 
121,  0.000559, 		0.240652, 		0.964000, 
122,  0.000548, 		0.242904, 		0.963000, 
123,  0.000543, 		0.241434, 		0.964000, 
124,  0.000533, 		0.242037, 		0.965000, 
125,  0.000522, 		0.243488, 		0.964000, 
126,  0.000515, 		0.243707, 		0.964000, 
127,  0.000506, 		0.243291, 		0.964000, 
128,  0.000498, 		0.245269, 		0.964000, 
129,  0.000494, 		0.244666, 		0.964000, 
130,  0.000483, 		0.245188, 		0.964000, 
131,  0.000476, 		0.246062, 		0.964000, 
132,  0.000471, 		0.245726, 		0.964000, 
133,  0.000464, 		0.246672, 		0.963000, 
134,  0.000466, 		0.246511, 		0.964000, 
135,  0.000452, 		0.248550, 		0.964000, 
136,  0.000447, 		0.246207, 		0.964000, 
137,  0.000441, 		0.247222, 		0.964000, 
138,  0.000433, 		0.248991, 		0.964000, 
139,  0.000431, 		0.248192, 		0.964000, 
140,  0.000424, 		0.249620, 		0.964000, 
141,  0.000416, 		0.249074, 		0.964000, 
142,  0.000410, 		0.250295, 		0.964000, 
143,  0.000408, 		0.249101, 		0.964000, 
144,  0.000401, 		0.249832, 		0.964000, 
145,  0.000399, 		0.250846, 		0.964000, 
146,  0.000393, 		0.251048, 		0.964000, 
147,  0.000385, 		0.251457, 		0.964000, 
148,  0.000384, 		0.251314, 		0.964000, 
149,  0.000378, 		0.252306, 		0.964000, 
150,  0.000373, 		0.251855, 		0.964000, 
Epoch, training loss, validation loss, validation accuracy, 
1,  2.301961, 		2.301388, 		0.091000, 
2,  2.298903, 		2.297732, 		0.141000, 
3,  2.295146, 		2.293919, 		0.180000, 
4,  2.291296, 		2.290193, 		0.208000, 
5,  2.287445, 		2.286017, 		0.239000, 
6,  2.282963, 		2.281351, 		0.273000, 
7,  2.277854, 		2.275951, 		0.297000, 
8,  2.271637, 		2.269348, 		0.308000, 
9,  2.264206, 		2.261449, 		0.313000, 
10,  2.254986, 		2.251667, 		0.320000, 
11,  2.243845, 		2.239386, 		0.333000, 
12,  2.228904, 		2.222758, 		0.350000, 
13,  2.209904, 		2.201723, 		0.346000, 
14,  2.184972, 		2.173298, 		0.359000, 
15,  2.151041, 		2.132162, 		0.381000, 
16,  2.105152, 		2.078622, 		0.375000, 
17,  2.039441, 		1.996245, 		0.408000, 
18,  1.944578, 		1.884929, 		0.434000, 
19,  1.818607, 		1.748175, 		0.436000, 
20,  1.740817, 		1.825853, 		0.353000, 
21,  1.632408, 		1.485295, 		0.511000, 
22,  1.389344, 		1.373882, 		0.541000, 
23,  1.278917, 		1.515074, 		0.497000, 
24,  1.318967, 		1.217181, 		0.600000, 
25,  1.066094, 		1.124518, 		0.629000, 
26,  0.952345, 		1.099902, 		0.627000, 
27,  1.002696, 		0.984080, 		0.677000, 
28,  0.772093, 		0.869446, 		0.727000, 
29,  0.679729, 		0.860620, 		0.712000, 
30,  0.753783, 		0.953406, 		0.702000, 
31,  0.576625, 		0.705993, 		0.790000, 
32,  0.492559, 		0.648996, 		0.799000, 
33,  0.466283, 		0.622509, 		0.815000, 
34,  0.426272, 		0.590883, 		0.816000, 
35,  0.360565, 		0.536210, 		0.845000, 
36,  0.326862, 		0.544261, 		0.832000, 
37,  0.306165, 		0.504698, 		0.851000, 
38,  0.279202, 		0.559155, 		0.830000, 
39,  0.270987, 		0.470551, 		0.866000, 
40,  0.252693, 		0.469600, 		0.861000, 
41,  0.224217, 		0.450993, 		0.867000, 
42,  0.204138, 		0.450388, 		0.869000, 
43,  0.192468, 		0.434818, 		0.873000, 
44,  0.175035, 		0.496114, 		0.851000, 
45,  0.176706, 		0.454071, 		0.874000, 
46,  0.152162, 		0.433639, 		0.875000, 
47,  0.146749, 		0.432423, 		0.871000, 
48,  0.130818, 		0.454268, 		0.875000, 
49,  0.120310, 		0.441231, 		0.883000, 
50,  0.124475, 		0.454969, 		0.879000, 
51,  0.104964, 		0.432232, 		0.879000, 
52,  0.098918, 		0.429945, 		0.884000, 
53,  0.087103, 		0.434745, 		0.890000, 
54,  0.077100, 		0.421537, 		0.891000, 
55,  0.077096, 		0.434666, 		0.886000, 
56,  0.064345, 		0.451063, 		0.888000, 
57,  0.059014, 		0.434042, 		0.885000, 
58,  0.054783, 		0.466057, 		0.889000, 
59,  0.051815, 		0.433839, 		0.885000, 
60,  0.046459, 		0.455121, 		0.887000, 
61,  0.040200, 		0.453022, 		0.884000, 
62,  0.040939, 		0.459327, 		0.885000, 
63,  0.034850, 		0.455264, 		0.886000, 
64,  0.032724, 		0.467604, 		0.889000, 
65,  0.027065, 		0.460658, 		0.889000, 
66,  0.024956, 		0.473015, 		0.883000, 
67,  0.022716, 		0.477707, 		0.886000, 
68,  0.021315, 		0.503571, 		0.889000, 
69,  0.020161, 		0.484374, 		0.886000, 
70,  0.017531, 		0.504803, 		0.893000, 
71,  0.016489, 		0.498563, 		0.893000, 
72,  0.015121, 		0.507977, 		0.892000, 
73,  0.013950, 		0.510937, 		0.888000, 
74,  0.012955, 		0.512813, 		0.890000, 
75,  0.011709, 		0.537939, 		0.890000, 
76,  0.012259, 		0.517056, 		0.888000, 
77,  0.010559, 		0.533987, 		0.889000, 
78,  0.009965, 		0.529047, 		0.885000, 
79,  0.009217, 		0.526423, 		0.888000, 
80,  0.008630, 		0.539522, 		0.889000, 
81,  0.008156, 		0.545866, 		0.888000, 
82,  0.007939, 		0.544189, 		0.889000, 
83,  0.007469, 		0.551925, 		0.888000, 
84,  0.006961, 		0.557895, 		0.887000, 
85,  0.006710, 		0.558215, 		0.888000, 
86,  0.006396, 		0.552587, 		0.889000, 
87,  0.006157, 		0.562395, 		0.889000, 
88,  0.005832, 		0.573160, 		0.891000, 
89,  0.005763, 		0.567249, 		0.891000, 
90,  0.005419, 		0.567829, 		0.891000, 
91,  0.005234, 		0.570504, 		0.889000, 
92,  0.004885, 		0.571158, 		0.888000, 
93,  0.004803, 		0.574608, 		0.892000, 
94,  0.004584, 		0.581207, 		0.891000, 
95,  0.004501, 		0.582911, 		0.891000, 
96,  0.004284, 		0.586677, 		0.893000, 
97,  0.004165, 		0.586165, 		0.889000, 
98,  0.004007, 		0.588595, 		0.892000, 
99,  0.003868, 		0.592585, 		0.890000, 
100,  0.003747, 		0.593504, 		0.893000, 
101,  0.003612, 		0.593576, 		0.892000, 
102,  0.003487, 		0.598892, 		0.889000, 
103,  0.003413, 		0.598574, 		0.892000, 
104,  0.003314, 		0.600312, 		0.890000, 
105,  0.003204, 		0.599348, 		0.892000, 
106,  0.003103, 		0.604260, 		0.891000, 
107,  0.003040, 		0.605666, 		0.892000, 
108,  0.002957, 		0.614854, 		0.892000, 
109,  0.002861, 		0.612993, 		0.893000, 
110,  0.002771, 		0.607576, 		0.889000, 
111,  0.002733, 		0.612082, 		0.889000, 
112,  0.002689, 		0.612489, 		0.890000, 
113,  0.002598, 		0.614593, 		0.890000, 
114,  0.002511, 		0.620457, 		0.893000, 
115,  0.002463, 		0.618162, 		0.891000, 
116,  0.002420, 		0.626881, 		0.893000, 
117,  0.002357, 		0.624144, 		0.893000, 
118,  0.002305, 		0.625818, 		0.892000, 
119,  0.002260, 		0.633015, 		0.893000, 
120,  0.002202, 		0.627322, 		0.891000, 
121,  0.002159, 		0.629532, 		0.893000, 
122,  0.002117, 		0.636378, 		0.891000, 
123,  0.002071, 		0.634093, 		0.893000, 
124,  0.002058, 		0.636314, 		0.893000, 
125,  0.001967, 		0.635585, 		0.892000, 
126,  0.001930, 		0.641201, 		0.893000, 
127,  0.001904, 		0.640914, 		0.894000, 
128,  0.001854, 		0.642341, 		0.894000, 
129,  0.001820, 		0.639147, 		0.893000, 
130,  0.001789, 		0.648706, 		0.894000, 
131,  0.001765, 		0.643346, 		0.891000, 
132,  0.001727, 		0.647813, 		0.893000, 
133,  0.001693, 		0.650995, 		0.894000, 
134,  0.001654, 		0.650350, 		0.893000, 
135,  0.001636, 		0.648475, 		0.891000, 
136,  0.001619, 		0.650599, 		0.893000, 
137,  0.001573, 		0.653856, 		0.894000, 
138,  0.001543, 		0.655753, 		0.895000, 
139,  0.001517, 		0.652337, 		0.892000, 
140,  0.001494, 		0.659629, 		0.894000, 
141,  0.001472, 		0.659580, 		0.893000, 
142,  0.001446, 		0.658960, 		0.894000, 
143,  0.001424, 		0.662605, 		0.893000, 
144,  0.001406, 		0.660105, 		0.893000, 
145,  0.001377, 		0.662850, 		0.894000, 
146,  0.001355, 		0.666060, 		0.894000, 
147,  0.001339, 		0.662037, 		0.892000, 
148,  0.001323, 		0.666242, 		0.894000, 
149,  0.001293, 		0.667567, 		0.894000, 
150,  0.001273, 		0.667759, 		0.894000, 
