Epoch, training loss, validation loss, validation accuracy, 
1,  2.301086, 		2.297514, 		0.220000, 
2,  2.295362, 		2.291074, 		0.241000, 
3,  2.288141, 		2.282194, 		0.269000, 
4,  2.277923, 		2.268790, 		0.317000, 
5,  2.261089, 		2.245547, 		0.366000, 
Epoch, training loss, validation loss, validation accuracy, 
1,  2.302522, 		2.300845, 		0.121000, 
6,  2.229756, 		2.197603, 		0.404000, 
7,  2.156859, 		2.068461, 		0.478000, 
2,  2.299129, 		2.296329, 		0.214000, 
8,  1.923844, 		1.605591, 		0.577000, 
3,  2.294530, 		2.290887, 		0.270000, 
9,  1.245833, 		0.975560, 		0.665000, 
10,  1.835614, 		1.446032, 		0.565000, 
4,  2.288639, 		2.283348, 		0.297000, 
11,  1.205992, 		0.812752, 		0.736000, 
5,  2.279835, 		2.271862, 		0.302000, 
12,  0.646777, 		0.577133, 		0.833000, 
13,  0.465353, 		0.424731, 		0.875000, 
6,  2.265421, 		2.252231, 		0.314000, 
14,  0.348636, 		0.343547, 		0.903000, 
7,  2.238841, 		2.213892, 		0.335000, 
15,  0.281204, 		0.301322, 		0.923000, 
8,  2.182126, 		2.121486, 		0.422000, 
16,  0.235393, 		0.275460, 		0.920000, 
17,  0.206706, 		0.260441, 		0.925000, 
9,  2.023285, 		1.821186, 		0.561000, 
18,  0.184146, 		0.242635, 		0.937000, 
10,  1.497572, 		1.037204, 		0.729000, 
19,  0.162935, 		0.233681, 		0.933000, 
11,  2.124666, 		1.823507, 		0.535000, 
20,  0.147357, 		0.226147, 		0.942000, 
21,  0.133237, 		0.225515, 		0.933000, 
12,  1.663944, 		1.293294, 		0.622000, 
22,  0.123050, 		0.218597, 		0.938000, 
13,  0.994940, 		0.728326, 		0.762000, 
23,  0.112597, 		0.217374, 		0.941000, 
24,  0.103435, 		0.217190, 		0.941000, 
14,  0.586814, 		0.523855, 		0.821000, 
25,  0.096270, 		0.216294, 		0.941000, 
15,  0.428753, 		0.405482, 		0.881000, 
26,  0.088762, 		0.204012, 		0.945000, 
27,  0.078801, 		0.197632, 		0.949000, 
16,  0.357579, 		0.349582, 		0.896000, 
28,  0.072067, 		0.198461, 		0.948000, 
17,  0.288479, 		0.311422, 		0.902000, 
29,  0.067346, 		0.196242, 		0.948000, 
30,  0.063795, 		0.209526, 		0.945000, 
18,  0.248265, 		0.297812, 		0.907000, 
31,  0.057572, 		0.189981, 		0.950000, 
19,  0.218007, 		0.268325, 		0.923000, 
32,  0.054938, 		0.194832, 		0.950000, 
33,  0.049348, 		0.201552, 		0.951000, 
20,  0.194675, 		0.255603, 		0.925000, 
34,  0.044883, 		0.209211, 		0.946000, 
21,  0.174430, 		0.258041, 		0.925000, 
35,  0.040792, 		0.201802, 		0.952000, 
36,  0.038721, 		0.199809, 		0.950000, 
22,  0.160801, 		0.246843, 		0.929000, 
37,  0.035166, 		0.209196, 		0.950000, 
23,  0.147904, 		0.233529, 		0.934000, 
38,  0.031667, 		0.196965, 		0.951000, 
24,  0.135410, 		0.229048, 		0.936000, 
39,  0.027907, 		0.205657, 		0.948000, 
40,  0.028409, 		0.193628, 		0.951000, 
25,  0.125706, 		0.226801, 		0.938000, 
41,  0.023133, 		0.198202, 		0.949000, 
26,  0.121708, 		0.224183, 		0.934000, 
42,  0.021029, 		0.201564, 		0.953000, 
27,  0.112124, 		0.203387, 		0.941000, 
43,  0.019907, 		0.206982, 		0.952000, 
44,  0.018084, 		0.203746, 		0.954000, 
28,  0.100130, 		0.214877, 		0.942000, 
45,  0.016880, 		0.212531, 		0.950000, 
29,  0.096454, 		0.214528, 		0.948000, 
46,  0.014225, 		0.213145, 		0.955000, 
30,  0.088317, 		0.199658, 		0.943000, 
47,  0.012836, 		0.217163, 		0.954000, 
48,  0.011705, 		0.217661, 		0.952000, 
31,  0.080032, 		0.198945, 		0.947000, 
49,  0.010623, 		0.218837, 		0.953000, 
32,  0.074018, 		0.203921, 		0.944000, 
50,  0.009160, 		0.219831, 		0.956000, 
51,  0.008278, 		0.227690, 		0.955000, 
33,  0.074538, 		0.194212, 		0.946000, 
52,  0.008058, 		0.229748, 		0.958000, 
34,  0.066256, 		0.189963, 		0.944000, 
53,  0.006924, 		0.232882, 		0.956000, 
35,  0.058819, 		0.198400, 		0.946000, 
54,  0.006423, 		0.229388, 		0.957000, 
55,  0.005536, 		0.234542, 		0.957000, 
36,  0.054925, 		0.195401, 		0.944000, 
56,  0.005665, 		0.232056, 		0.954000, 
37,  0.051179, 		0.207194, 		0.945000, 
57,  0.005036, 		0.236185, 		0.957000, 
38,  0.049984, 		0.188699, 		0.953000, 
58,  0.004602, 		0.242078, 		0.956000, 
59,  0.004378, 		0.239773, 		0.956000, 
39,  0.043211, 		0.187192, 		0.949000, 
60,  0.003966, 		0.241451, 		0.958000, 
40,  0.040368, 		0.189968, 		0.949000, 
61,  0.003740, 		0.245981, 		0.957000, 
41,  0.039958, 		0.181190, 		0.952000, 
62,  0.003454, 		0.245587, 		0.959000, 
63,  0.003503, 		0.247194, 		0.957000, 
42,  0.033922, 		0.186127, 		0.952000, 
64,  0.003137, 		0.247723, 		0.957000, 
43,  0.031978, 		0.184020, 		0.954000, 
65,  0.003108, 		0.245745, 		0.956000, 
44,  0.029228, 		0.194932, 		0.953000, 
66,  0.002745, 		0.252655, 		0.957000, 
67,  0.002631, 		0.252527, 		0.957000, 
45,  0.026553, 		0.205560, 		0.952000, 
68,  0.002503, 		0.250591, 		0.957000, 
69,  0.002461, 		0.251512, 		0.957000, 
46,  0.024806, 		0.192558, 		0.953000, 
70,  0.002330, 		0.259706, 		0.958000, 
71,  0.002181, 		0.256294, 		0.957000, 
47,  0.021666, 		0.198202, 		0.952000, 
72,  0.002069, 		0.261052, 		0.957000, 
48,  0.020869, 		0.200079, 		0.954000, 
73,  0.001988, 		0.259614, 		0.957000, 
49,  0.018499, 		0.202735, 		0.956000, 
74,  0.001890, 		0.262535, 		0.957000, 
75,  0.001858, 		0.260883, 		0.957000, 
50,  0.017804, 		0.202293, 		0.957000, 
76,  0.001802, 		0.263155, 		0.957000, 
51,  0.015364, 		0.194044, 		0.955000, 
77,  0.001692, 		0.264797, 		0.957000, 
52,  0.014936, 		0.203083, 		0.956000, 
78,  0.001666, 		0.267707, 		0.957000, 
79,  0.001574, 		0.269307, 		0.958000, 
53,  0.013060, 		0.201822, 		0.953000, 
80,  0.001519, 		0.266700, 		0.957000, 
54,  0.011424, 		0.206775, 		0.955000, 
81,  0.001483, 		0.270974, 		0.957000, 
82,  0.001431, 		0.269879, 		0.957000, 
55,  0.010546, 		0.223163, 		0.954000, 
83,  0.001382, 		0.271445, 		0.957000, 
56,  0.010492, 		0.215352, 		0.956000, 
84,  0.001311, 		0.274082, 		0.957000, 
85,  0.001273, 		0.273321, 		0.957000, 
57,  0.009034, 		0.219168, 		0.958000, 
86,  0.001240, 		0.273735, 		0.957000, 
58,  0.008485, 		0.207341, 		0.955000, 
87,  0.001223, 		0.275022, 		0.956000, 
59,  0.007725, 		0.229647, 		0.956000, 
88,  0.001208, 		0.277812, 		0.957000, 
89,  0.001145, 		0.277137, 		0.957000, 
60,  0.006562, 		0.229738, 		0.955000, 
90,  0.001109, 		0.279979, 		0.957000, 
61,  0.006220, 		0.228469, 		0.958000, 
91,  0.001079, 		0.279962, 		0.957000, 
92,  0.001076, 		0.282872, 		0.957000, 
62,  0.005685, 		0.220662, 		0.958000, 
93,  0.001030, 		0.279808, 		0.957000, 
94,  0.001007, 		0.281376, 		0.957000, 
63,  0.005427, 		0.228644, 		0.957000, 
95,  0.000977, 		0.281461, 		0.957000, 
96,  0.000943, 		0.284953, 		0.957000, 
64,  0.004999, 		0.232337, 		0.956000, 
97,  0.000921, 		0.283902, 		0.957000, 
65,  0.004480, 		0.225846, 		0.956000, 
98,  0.000904, 		0.285696, 		0.957000, 
99,  0.000879, 		0.287110, 		0.957000, 
66,  0.004296, 		0.236618, 		0.957000, 
100,  0.000855, 		0.286292, 		0.957000, 
67,  0.003936, 		0.238684, 		0.958000, 
101,  0.000838, 		0.286252, 		0.957000, 
102,  0.000819, 		0.290025, 		0.957000, 
68,  0.003878, 		0.234978, 		0.957000, 
103,  0.000802, 		0.287793, 		0.957000, 
69,  0.003530, 		0.239503, 		0.957000, 
104,  0.000794, 		0.290636, 		0.957000, 
105,  0.000776, 		0.291192, 		0.957000, 
70,  0.003146, 		0.240084, 		0.959000, 
106,  0.000748, 		0.291697, 		0.957000, 
71,  0.002960, 		0.248791, 		0.956000, 
107,  0.000740, 		0.293086, 		0.957000, 
108,  0.000728, 		0.293732, 		0.957000, 
72,  0.002933, 		0.243323, 		0.960000, 
109,  0.000718, 		0.293018, 		0.957000, 
73,  0.002740, 		0.252189, 		0.957000, 
110,  0.000696, 		0.294048, 		0.957000, 
111,  0.000682, 		0.293801, 		0.958000, 
74,  0.002594, 		0.245350, 		0.957000, 
112,  0.000673, 		0.295324, 		0.957000, 
75,  0.002495, 		0.249664, 		0.957000, 
113,  0.000657, 		0.297416, 		0.957000, 
76,  0.002347, 		0.257006, 		0.958000, 
114,  0.000647, 		0.298826, 		0.957000, 
115,  0.000638, 		0.295954, 		0.957000, 
77,  0.002341, 		0.252021, 		0.957000, 
116,  0.000622, 		0.298567, 		0.957000, 
78,  0.002215, 		0.254409, 		0.955000, 
117,  0.000612, 		0.298582, 		0.957000, 
118,  0.000601, 		0.299588, 		0.957000, 
79,  0.002088, 		0.250057, 		0.956000, 
119,  0.000589, 		0.300068, 		0.957000, 
80,  0.002089, 		0.252722, 		0.957000, 
120,  0.000575, 		0.299313, 		0.957000, 
121,  0.000565, 		0.301566, 		0.957000, 
81,  0.001965, 		0.258572, 		0.956000, 
122,  0.000562, 		0.301787, 		0.957000, 
123,  0.000549, 		0.302864, 		0.957000, 
82,  0.001903, 		0.256736, 		0.957000, 
124,  0.000543, 		0.302463, 		0.957000, 
83,  0.001750, 		0.266473, 		0.958000, 
125,  0.000533, 		0.302351, 		0.957000, 
84,  0.001709, 		0.263104, 		0.956000, 
126,  0.000527, 		0.304122, 		0.957000, 
127,  0.000518, 		0.304831, 		0.957000, 
85,  0.001665, 		0.262793, 		0.957000, 
128,  0.000506, 		0.304566, 		0.958000, 
86,  0.001592, 		0.263143, 		0.956000, 
129,  0.000496, 		0.305340, 		0.957000, 
87,  0.001582, 		0.264554, 		0.958000, 
130,  0.000492, 		0.306777, 		0.957000, 
131,  0.000484, 		0.305306, 		0.957000, 
88,  0.001468, 		0.267352, 		0.958000, 
132,  0.000478, 		0.307033, 		0.957000, 
89,  0.001438, 		0.269716, 		0.959000, 
133,  0.000472, 		0.308245, 		0.957000, 
134,  0.000467, 		0.307421, 		0.957000, 
90,  0.001355, 		0.265011, 		0.955000, 
135,  0.000457, 		0.308694, 		0.957000, 
91,  0.001348, 		0.272245, 		0.958000, 
136,  0.000452, 		0.308799, 		0.957000, 
137,  0.000443, 		0.308410, 		0.957000, 
92,  0.001302, 		0.270422, 		0.956000, 
138,  0.000436, 		0.309817, 		0.957000, 
93,  0.001263, 		0.276047, 		0.958000, 
139,  0.000435, 		0.309743, 		0.957000, 
140,  0.000425, 		0.310572, 		0.957000, 
94,  0.001228, 		0.271997, 		0.959000, 
141,  0.000422, 		0.311997, 		0.957000, 
95,  0.001193, 		0.274053, 		0.957000, 
142,  0.000419, 		0.311641, 		0.957000, 
96,  0.001172, 		0.271473, 		0.956000, 
143,  0.000407, 		0.312269, 		0.957000, 
144,  0.000406, 		0.312626, 		0.957000, 
97,  0.001119, 		0.276801, 		0.959000, 
145,  0.000397, 		0.312380, 		0.957000, 
98,  0.001092, 		0.275749, 		0.958000, 
146,  0.000394, 		0.314062, 		0.957000, 
147,  0.000388, 		0.314436, 		0.957000, 
99,  0.001060, 		0.277494, 		0.956000, 
148,  0.000384, 		0.313932, 		0.958000, 
149,  0.000379, 		0.315203, 		0.957000, 
100,  0.001036, 		0.279755, 		0.959000, 
150,  0.000376, 		0.315635, 		0.957000, 
101,  0.001012, 		0.278183, 		0.956000, 
102,  0.001005, 		0.282901, 		0.958000, 
103,  0.000965, 		0.282860, 		0.957000, 
104,  0.000933, 		0.281893, 		0.956000, 
105,  0.000912, 		0.286022, 		0.958000, 
106,  0.000895, 		0.284173, 		0.957000, 
107,  0.000879, 		0.284481, 		0.956000, 
108,  0.000851, 		0.286043, 		0.958000, 
109,  0.000832, 		0.285313, 		0.958000, 
110,  0.000820, 		0.288728, 		0.958000, 
111,  0.000803, 		0.289102, 		0.958000, 
112,  0.000780, 		0.288946, 		0.958000, 
113,  0.000776, 		0.291120, 		0.958000, 
114,  0.000751, 		0.289751, 		0.957000, 
115,  0.000733, 		0.289605, 		0.957000, 
116,  0.000724, 		0.290109, 		0.957000, 
117,  0.000710, 		0.292701, 		0.957000, 
118,  0.000699, 		0.293545, 		0.958000, 
Epoch, training loss, validation loss, validation accuracy, 
1,  2.302425, 		2.301529, 		0.136000, 
2,  2.301399, 		2.300506, 		0.113000, 
3,  2.300475, 		2.299574, 		0.173000, 
4,  2.299741, 		2.298677, 		0.126000, 
119,  0.000679, 		0.293558, 		0.959000, 
5,  2.299024, 		2.297958, 		0.119000, 
6,  2.298470, 		2.297271, 		0.119000, 
7,  2.297975, 		2.296726, 		0.119000, 
8,  2.297531, 		2.296286, 		0.119000, 
9,  2.297119, 		2.295801, 		0.119000, 
10,  2.296749, 		2.295417, 		0.119000, 
11,  2.296420, 		2.295000, 		0.119000, 
12,  2.296062, 		2.294657, 		0.119000, 
13,  2.295758, 		2.294330, 		0.119000, 
14,  2.295436, 		2.294036, 		0.119000, 
15,  2.295081, 		2.293783, 		0.119000, 
16,  2.294699, 		2.293364, 		0.119000, 
17,  2.294278, 		2.292993, 		0.119000, 
18,  2.293909, 		2.292627, 		0.119000, 
19,  2.293475, 		2.292257, 		0.119000, 
120,  0.000666, 		0.294584, 		0.957000, 
20,  2.293019, 		2.291771, 		0.119000, 
21,  2.292545, 		2.291322, 		0.119000, 
22,  2.291987, 		2.290795, 		0.119000, 
23,  2.291433, 		2.290377, 		0.119000, 
24,  2.290898, 		2.289764, 		0.119000, 
25,  2.290255, 		2.289269, 		0.119000, 
26,  2.289600, 		2.288674, 		0.119000, 
27,  2.288792, 		2.288023, 		0.119000, 
28,  2.287964, 		2.287239, 		0.119000, 
29,  2.287167, 		2.286494, 		0.120000, 
30,  2.286133, 		2.285564, 		0.125000, 
31,  2.285029, 		2.284457, 		0.123000, 
121,  0.000650, 		0.296967, 		0.958000, 
32,  2.283867, 		2.283404, 		0.132000, 
33,  2.282695, 		2.282154, 		0.123000, 
34,  2.281113, 		2.280842, 		0.148000, 
35,  2.279411, 		2.279310, 		0.152000, 
36,  2.277662, 		2.277573, 		0.157000, 
37,  2.275542, 		2.275630, 		0.170000, 
38,  2.273241, 		2.273509, 		0.198000, 
39,  2.270577, 		2.270813, 		0.180000, 
40,  2.267368, 		2.267879, 		0.191000, 
41,  2.263752, 		2.264530, 		0.218000, 
42,  2.259715, 		2.260411, 		0.219000, 
43,  2.254727, 		2.255553, 		0.242000, 
122,  0.000655, 		0.294961, 		0.957000, 
44,  2.248772, 		2.249746, 		0.243000, 
45,  2.241562, 		2.242872, 		0.255000, 
46,  2.232802, 		2.234005, 		0.264000, 
47,  2.221951, 		2.223204, 		0.267000, 
48,  2.208153, 		2.208888, 		0.275000, 
49,  2.190091, 		2.190489, 		0.307000, 
50,  2.166938, 		2.165745, 		0.323000, 
51,  2.135676, 		2.133219, 		0.331000, 
52,  2.091015, 		2.089667, 		0.335000, 
53,  2.030970, 		2.016738, 		0.391000, 
54,  1.995196, 		2.010875, 		0.326000, 
55,  1.873240, 		1.840275, 		0.423000, 
123,  0.000630, 		0.296520, 		0.957000, 
56,  1.834294, 		1.748372, 		0.423000, 
57,  1.649766, 		1.663469, 		0.459000, 
58,  1.590515, 		1.851281, 		0.312000, 
59,  1.557175, 		1.481066, 		0.522000, 
60,  1.353931, 		1.345338, 		0.569000, 
61,  1.377369, 		1.280156, 		0.589000, 
62,  1.189894, 		1.182283, 		0.613000, 
63,  1.213387, 		1.198762, 		0.593000, 
64,  1.063257, 		1.060181, 		0.657000, 
65,  0.958774, 		0.970799, 		0.690000, 
66,  0.968894, 		1.312099, 		0.568000, 
67,  1.000378, 		0.905487, 		0.710000, 
68,  0.830651, 		0.842671, 		0.728000, 
124,  0.000628, 		0.297865, 		0.958000, 
69,  0.786204, 		0.846273, 		0.721000, 
70,  0.868303, 		0.998823, 		0.664000, 
71,  0.769007, 		0.782793, 		0.747000, 
72,  0.698797, 		0.763356, 		0.758000, 
73,  0.684518, 		0.762497, 		0.754000, 
74,  0.648042, 		0.689031, 		0.771000, 
75,  0.695998, 		0.830896, 		0.737000, 
76,  0.657906, 		0.670262, 		0.780000, 
77,  0.588384, 		0.660634, 		0.781000, 
78,  0.576870, 		0.655813, 		0.770000, 
79,  0.642064, 		0.624935, 		0.796000, 
125,  0.000608, 		0.295866, 		0.957000, 
80,  0.557196, 		0.642015, 		0.783000, 
81,  0.551036, 		0.619128, 		0.795000, 
82,  0.571327, 		0.696255, 		0.774000, 
83,  0.538758, 		0.602332, 		0.796000, 
84,  0.509235, 		0.620159, 		0.799000, 
85,  0.508004, 		0.625043, 		0.796000, 
86,  0.491724, 		0.571905, 		0.812000, 
87,  0.586270, 		0.568811, 		0.823000, 
88,  0.479269, 		0.572105, 		0.822000, 
89,  0.462852, 		0.555248, 		0.809000, 
90,  0.455008, 		0.553215, 		0.808000, 
126,  0.000604, 		0.299627, 		0.958000, 
92,  0.485263, 		0.552354, 		0.821000, 
93,  0.440252, 		0.538832, 		0.830000, 
94,  0.422852, 		0.534605, 		0.833000, 
95,  0.434305, 		0.512484, 		0.831000, 
96,  0.418831, 		0.607515, 		0.799000, 
97,  0.439395, 		0.512074, 		0.840000, 
98,  0.395687, 		0.511725, 		0.826000, 
99,  0.407966, 		0.496141, 		0.828000, 
100,  0.382275, 		0.523759, 		0.835000, 
101,  0.388573, 		0.490678, 		0.838000, 
102,  0.382854, 		0.518620, 		0.838000, 
103,  0.364110, 		0.484961, 		0.838000, 
104,  0.358716, 		0.489181, 		0.839000, 
127,  0.000593, 		0.299837, 		0.957000, 
105,  0.349765, 		0.496456, 		0.834000, 
106,  0.345809, 		0.484630, 		0.841000, 
107,  0.386311, 		0.494741, 		0.839000, 
108,  0.341500, 		0.485764, 		0.841000, 
109,  0.336189, 		0.513868, 		0.828000, 
110,  0.332068, 		0.507083, 		0.829000, 
111,  0.326461, 		0.490914, 		0.842000, 
112,  0.326739, 		0.525352, 		0.824000, 
113,  0.323229, 		0.462675, 		0.847000, 
114,  0.304832, 		0.518246, 		0.830000, 
115,  0.338073, 		0.506898, 		0.833000, 
128,  0.000583, 		0.299527, 		0.957000, 
116,  0.312488, 		0.497599, 		0.841000, 
117,  0.292520, 		0.465022, 		0.846000, 
118,  0.286326, 		0.482051, 		0.841000, 
119,  0.276373, 		0.476541, 		0.849000, 
120,  0.279996, 		0.495206, 		0.834000, 
121,  0.272912, 		0.455095, 		0.850000, 
122,  0.272858, 		0.467913, 		0.848000, 
123,  0.272490, 		0.482949, 		0.829000, 
124,  0.276852, 		0.443385, 		0.849000, 
125,  0.259236, 		0.538816, 		0.836000, 
126,  0.253369, 		0.455659, 		0.849000, 
127,  0.261469, 		0.557743, 		0.815000, 
128,  0.248173, 		0.434865, 		0.854000, 
129,  0.000573, 		0.299767, 		0.957000, 
129,  0.260140, 		0.555860, 		0.827000, 
130,  0.244922, 		0.447393, 		0.848000, 
131,  0.232449, 		0.432539, 		0.854000, 
132,  0.241162, 		0.429651, 		0.852000, 
133,  0.220329, 		0.514339, 		0.828000, 
134,  0.220842, 		0.507901, 		0.844000, 
135,  0.230294, 		0.434781, 		0.856000, 
136,  0.205749, 		0.463597, 		0.850000, 
137,  0.207062, 		0.438568, 		0.859000, 
138,  0.202217, 		0.505018, 		0.844000, 
139,  0.198052, 		0.453341, 		0.858000, 
140,  0.210043, 		0.425639, 		0.860000, 
130,  0.000561, 		0.300430, 		0.957000, 
141,  0.198771, 		0.442484, 		0.856000, 
142,  0.189833, 		0.482488, 		0.844000, 
143,  0.183916, 		0.466049, 		0.851000, 
144,  0.173053, 		0.473229, 		0.854000, 
145,  0.186270, 		0.487274, 		0.852000, 
146,  0.182436, 		0.479997, 		0.847000, 
147,  0.167949, 		0.512886, 		0.846000, 
148,  0.155889, 		0.463105, 		0.849000, 
149,  0.149251, 		0.461616, 		0.850000, 
150,  0.169254, 		0.515838, 		0.849000, 
131,  0.000553, 		0.302142, 		0.959000, 
132,  0.000545, 		0.302969, 		0.958000, 
133,  0.000535, 		0.303113, 		0.957000, 
134,  0.000528, 		0.301863, 		0.957000, 
135,  0.000517, 		0.304415, 		0.957000, 
136,  0.000523, 		0.302816, 		0.957000, 
137,  0.000502, 		0.305270, 		0.957000, 
138,  0.000494, 		0.304280, 		0.957000, 
139,  0.000491, 		0.305202, 		0.957000, 
140,  0.000476, 		0.305921, 		0.958000, 
141,  0.000478, 		0.306302, 		0.958000, 
142,  0.000467, 		0.307906, 		0.957000, 
143,  0.000458, 		0.308281, 		0.957000, 
144,  0.000452, 		0.307724, 		0.957000, 
145,  0.000448, 		0.309043, 		0.957000, 
146,  0.000443, 		0.308890, 		0.958000, 
147,  0.000436, 		0.310716, 		0.957000, 
148,  0.000429, 		0.309393, 		0.957000, 
149,  0.000424, 		0.310844, 		0.957000, 
150,  0.000419, 		0.310101, 		0.957000, 
