Epoch, training loss, validation loss, validation accuracy, 
1,  2.300620, 		2.296541, 		0.122000, 
2,  2.295020, 		2.290070, 		0.186000, 
3,  2.287726, 		2.281196, 		0.301000, 
4,  2.276605, 		2.266033, 		0.339000, 
5,  2.257112, 		2.237677, 		0.389000, 
6,  2.217173, 		2.173634, 		0.408000, 
7,  2.115246, 		1.983793, 		0.449000, 
8,  1.778492, 		1.367801, 		0.657000, 
9,  1.213254, 		1.477110, 		0.535000, 
10,  0.865027, 		0.590175, 		0.821000, 
11,  0.473843, 		0.436854, 		0.863000, 
12,  0.350231, 		0.357070, 		0.896000, 
13,  0.283165, 		0.324839, 		0.902000, 
14,  0.240327, 		0.283710, 		0.911000, 
15,  0.206489, 		0.254050, 		0.917000, 
16,  0.187382, 		0.242039, 		0.921000, 
17,  0.167984, 		0.228163, 		0.930000, 
18,  0.151227, 		0.214167, 		0.934000, 
19,  0.136411, 		0.210326, 		0.940000, 
20,  0.123004, 		0.199932, 		0.942000, 
21,  0.112360, 		0.198911, 		0.942000, 
22,  0.106643, 		0.193509, 		0.939000, 
23,  0.094022, 		0.195773, 		0.938000, 
24,  0.092592, 		0.186583, 		0.944000, 
25,  0.083346, 		0.184094, 		0.944000, 
26,  0.078336, 		0.173425, 		0.947000, 
27,  0.070583, 		0.172214, 		0.943000, 
28,  0.064859, 		0.176706, 		0.945000, 
29,  0.057707, 		0.161257, 		0.947000, 
30,  0.053169, 		0.170520, 		0.950000, 
31,  0.049354, 		0.159930, 		0.951000, 
32,  0.045676, 		0.179327, 		0.948000, 
33,  0.042371, 		0.170868, 		0.950000, 
34,  0.036465, 		0.162042, 		0.952000, 
35,  0.033460, 		0.165715, 		0.953000, 
36,  0.031786, 		0.160257, 		0.950000, 
37,  0.028780, 		0.160639, 		0.955000, 
38,  0.026272, 		0.163925, 		0.957000, 
39,  0.023201, 		0.174106, 		0.957000, 
40,  0.021253, 		0.165215, 		0.955000, 
41,  0.020612, 		0.158945, 		0.959000, 
42,  0.017051, 		0.175540, 		0.955000, 
43,  0.015846, 		0.169701, 		0.958000, 
44,  0.014304, 		0.171100, 		0.957000, 
45,  0.013038, 		0.184181, 		0.954000, 
46,  0.011831, 		0.169802, 		0.955000, 
47,  0.010547, 		0.176576, 		0.956000, 
48,  0.009639, 		0.185666, 		0.956000, 
49,  0.008520, 		0.182294, 		0.959000, 
50,  0.007678, 		0.181128, 		0.960000, 
