\\small{None}
0.100  78.180  0.102   44.260  0.102   25.785  0.102   
4.000  88.080  0.102   48.400  0.102   50.904  0.102   


\\small{None}
0.100  78.180  0.102   44.260  0.102   25.785  0.102   
4.000  88.080  0.102   48.400  0.102   50.904  0.102   


\\small{None}
0.100  78.180  0.102   44.260  0.102   25.785  0.102   
4.000  88.080  0.102   48.400  0.102   50.904  0.102   


\\small{None}
0.100  78.180  0.102   44.260  0.102   25.785  0.102   
4.000  88.080  0.102   48.400  0.102   50.904  0.102   


\\small{None}
0.100  78.180  0.102   44.260  0.102   25.785  0.102   
4.000  88.080  0.102   48.400  0.102   50.904  0.102   


\\small{None}
0.100  78.180  0.102   44.260  0.102   25.785  0.102   
4.000  88.080  0.102   48.400  0.102   50.904  0.102   


