\\small{None}
0.100  40.160  0.743   38.970  0.741   37.540  0.741   
4.000  99.320  0.840   94.630  0.836   99.275  0.838   


\\small{None}
0.100  40.160  0.743   38.970  0.741   37.540  0.741   
4.000  99.320  0.840   94.630  0.836   99.275  0.838   


\\small{None}
0.100  35.700  0.853   34.890  0.852   34.388  0.852   
4.000  99.680  0.943   97.350  0.942   99.671  0.942   


\\small{None}
0.100  35.700  0.853   34.890  0.852   34.388  0.852   
4.000  99.680  0.943   97.350  0.942   99.671  0.942   


\\small{None}
0.100  35.700  0.853   34.890  0.852   34.388  0.852   
4.000  99.680  0.943   97.350  0.942   99.671  0.942   


